358 546
2 93 96 358 
1 92 94 169  
4 76 79 202  
3 6 78  
71 125 156  
4 7 79  
6 228 229  
9 87 210 211  
8 85 89 194  
264 265 269  
80 140 266  
158 350  
263 332  
255  
151  
150 199  
346 348  
36 104 198 320  
22 24 335  
29 31 284 337 355  
142 174  
19 33 271  
40 44 203 207  
19 33 271  
27 28 351 353  
106 107 109 110  
25 91 95 352  
25 32 275 276 352  
20 32 275 276  
57 216 217 247  
20 32 275 276  
28 29 31 284 351 355  
22 24 74 77  
41 83 86 274  
39 188 189 256  
18 178  
101  
40 42 203 277  
35 43 226 270  
23 38 176 206  
34 42 277  
38 41 176 274  
39 53 54 256  
23 61 62 206  
53 54 99 102  
48 61 62 215  
58 68 253 349  
46 49 214 218  
48 51 215 239  
58 68 253 349  
49 52 218 240  
51 67 239 242  
43 45 213 226  
43 45 213 226  
56 67 242 246  
55 57 245 247  
30 56 246 252  
47 50 63 109 110 249  
60 195 299 301  
59 69 254 300  
44 46 207 214  
44 46 207 214  
58 68 253 349  
65 172 209 343  
64 212 243 244  
74 77 188 189  
52 55 240 245  
47 50 63 69 249 254  
60 68 195 253 299  
219 220 286  
5 72 224 321  
71 73 156 221  
72 75 205 224  
33 66 257 259 271  
73 76 202 221  
3 75 78 205  
33 66 257 259 271  
4 76 79 202  
3 6 78  
11 81 138  
80 140 339  
149 204  
34 91 95  
237 280 281  
9 87 210 211  
34 91 95  
8 85 89 194  
89 194  
9 87 88 170  
92 169  
27 83 86 353  
2 90 93 164  
1 92 94 169  
2 93 96 358 
27 83 86 353  
1 94 165 167  
98 165 167 344  
97 334 345  
45 106 107 213  
104 151  
37 103 198 320  
45 106 107 213  
101 258  
18 100 330  
122 127  
26 99 102 241  
26 99 102 241  
114 137  
26 58 241 349  
26 58 241 349  
118 136  
160 161  
148 289  
108 125  
219 220 286  
123 234  
124 135  
111 119 120  
118 126  
118 126  
160 161  
105 124  
116 134  
117 122  
5 114 321  
119 120 129 130  
105  
131 134  
126 185 186  
126 185 186  
128  
312 313  
312 313  
123 128  
117 141  
111 348  
108 150  
80 140 339  
178 234  
11 81 138  
135 171  
21 154  
317 354  
315 317  
251 311  
264  
162 179  
113 305  
82 262 328  
16 137  
15 100  
160 192  
303 305  
142 173  
208 291  
5 72 224 321  
332  
12 159  
158  
112 121 152 182  
112 121 190  
147 272 273 340  
210 211 339  
92 169  
96 97 345 358 
210 211 339  
96 97 345 358 
261 329 331  
2 90 93 164  
89 194  
141 174  
64 175 212 342  
154 177  
21 171  
172 185 186 343  
40 42 203 277  
173  
36 139 190 260  
147 183  
200  
184  
160 192  
179 324  
181 325  
129 130 175 342  
129 130 175 342  
227 231  
35 66 257 259 270  
35 66 257 259 270  
161 178  
230 243 244  
152 182 237  
199 318  
9 87 88 170  
59 69 254 300  
248 250  
201 228 229 233  
18 101 222 330  
16 193  
180  
197 238 282 283  
3 75 78 205  
23 38 176 206  
82 327  
73 76 202 221  
40 44 203 207  
23 61 62 206  
155 356  
64 212 243 244  
8 85 163 166  
8 85 163 166  
65 172 209 343  
53 54 99 102  
48 61 62 215  
46 49 214 218  
30 219 220 252  
30 219 220 252  
48 51 215 239  
70 115 216 217  
70 115 216 217  
72 75 205 224  
198 347  
354  
71 73 156 221  
319  
39 53 54 256  
187 296  
7 197 238  
7 197 238  
191 235 236  
187 250  
322 330  
197 238 282 283  
116 139 260  
230 278 279  
230 278 279  
84 192  
201 228 229 233  
49 52 218 240  
51 67 239 242  
106 107 109 110  
52 55 240 245  
65 191 209  
65 191 209  
56 67 242 246  
55 57 245 247  
30 56 246 252  
196 323  
58 68 253 349  
196 231  
145 357  
57 216 217 247  
47 50 63 69 249 254  
60 68 195 253 299  
14 258  
35 43 226 270  
74 77 188 189  
103 255  
74 77 188 189  
178 234  
168 262 328  
149 261 329  
13 296  
10 146  
10 285 288  
11 280 281  
272 273 282 283  
272 273 282 283  
10 285 288  
39 188 189 256  
22 24 74 77  
162 267 268  
162 267 268  
34 42 277  
28 29 31 284 351 355  
28 29 31 284 351 355  
38 41 176 274  
235 236 285 288  
235 236 285 288  
84 266  
84 266  
201 233 267 268  
201 233 267 268  
20 32 275 276  
265 269 278 279  
70 115 287  
286 289  
265 269 278 279  
113 287  
291 302  
155 290  
293 303  
292 294  
293 308  
297 350  
227 263  
295 298  
297 304  
59 69 254 300  
60 195 299 301  
59 300 302  
290 301  
153 292  
298 306  
148 153  
304 307  
306 313  
294 309  
308 310  
309 315  
145 316  
132 133 314  
132 133 307  
312 322  
144 310  
311 319  
143 144  
193 326  
225 316  
18 101  
71 125 156  
232 314  
248 326  
183  
184  
318 323  
204  
149 261 329  
168 262 328  
104 198 232  
168 333  
13 157  
331 334  
98 333 344  
19 336  
335  
20 338  
337  
81 138 163 166  
162 341  
340  
172 185 186 343  
64 175 212 342  
97 334 345  
98 165 167 344  
17 347  
222 346  
17 136  
47 50 63 109 110 249  
12 295  
25 32 275 276 352  
27 28 351 353  
25 91 95 352  
143 223  
20 32 275 276  
208 357  
251 356  
1 94 165 167  
