883 866
3 476  
140 180  
1 309  
368 571  
502 548  
213 542  
147 474  
344 696  
410 579  
266 787  
341  
25 226  
674 734  
40 75 538  
488 839  
205 515  
140 783  
142 389  
412 834  
457 813  
396 512  
532 609  
122  
627 784  
12 533  
148  
351 509  
459 559  
520 678  
570 801  
55 294  
348 433  
267 737  
222 361  
57 267  
524 842  
279 586  
448 782  
47 160 633  
14 331 360  
375 799  
234 567  
371 538  
120 770  
551 649  
736 877  
39 479 882  
87 505  
508 817  
247 768  
645 760  
154 441  
193 836  
480 685  
31 466  
207 461  
35 426  
99 131  
565 675  
668 747  
110 827  
306 783  
134 463  
66 136  
247 493  
64 616  
126 654  
567 748  
92 651  
317 786  
302 850  
438 735  
531 794  
319 489  
14 606  
195 753  
326 820  
417 695  
456  
800  
194 858  
494 775  
200 732  
356 875  
386 724  
90  
48 856  
315 365  
165 828  
86 328  
603 762  
69  
218 879  
352 637  
208 334  
384 868  
186 421  
398 640  
58 349 519  
178 288  
457  
274 698  
484 520  
118 159  
473  
180 518  
310 528  
348 579  
227 881  
61 515  
405 458  
149 665  
352  
131 778  
248 497 568  
184  
428 663  
104 256  
473 537  
44 235  
250 484  
23 470  
527 824  
636  
182 262  
67 513  
707 721  
557 779  
390 394  
352 681  
58 114  
210 268  
647 769  
63 725  
264 271  
64 351  
221 287  
368 781  
455 823  
2 17 608  
196 838  
18 359  
427 812  
337 843  
307 848  
293 558  
7 199  
26 611  
112 215  
382 702  
284 559  
305 873  
506 574  
52 301  
193 648  
615 636  
175 792  
418  
104  
39 338 511  
186 332  
272 391  
569 835  
706 717  
89 320  
808  
182 822  
333 858  
805 833  
610 759  
217 641  
304 773  
256 370  
373 785  
157 677  
206 322  
467 824  
100 854  
311 408  
2 106  
277 860  
125 167  
662  
116  
350 881  
97 161  
236 644  
336 837  
191 230 468  
540 840  
189 268  
251 637  
53 155  
81 631  
76 671  
141 459  
534 674  
572 659  
147 379  
83 257  
443 856  
523 614  
219  
210 583  
16 289  
176 389  
56 517  
95 859  
257 396  
132 204  
863  
434 445  
6 219  
604 869  
149 265  
402 682  
171 647  
93 422  
203 213  
423 816  
137 346  
34 719  
735 782  
500  
710 798  
12 456  
109 432  
654 831  
510 822  
189 393 487  
258 726  
374 738  
395 786  
42 756  
120 585  
187 655  
277 386  
587 669  
581 757  
802 806  
548 684  
740 814  
725 751  
429 693  
384 676  
597 604  
50 65  
115 408 606  
743 754  
121 562  
192 730  
298 605  
310 557  
844 846  
308 423  
118 173  
200 209 640  
231 552  
276 623  
787 851  
330 712  
125 624  
630  
135 849  
215 397  
10 366  
33 35  
132 191  
776 818  
472 578  
135 739  
162 671  
328 821  
102 819  
334 492  
259 544 840  
181 237  
420 491  
37  
324 736  
321 852  
358 716 729 865  
425 661  
151 842  
385 566  
319 731  
137 580  
100 673  
205 707  
761  
332 751  
546 634  
146 600  
31 867  
363 780  
409 677  
685  
252 756  
662  
658 785  
154 705  
71 444  
512 629  
172 529  
152 412  
62 435  
145 673  
255 617  
3 606  
107 253  
179 529  
696 795  
472 766  
380 746  
88 543  
638 801  
70 382  
601 680  
74 286  
165 553  
281 590  
176 803  
441 730  
280 753  
454 860  
77 611  
827  
90 273  
357 686  
261 361  
40 516  
161 291  
168 812  
95 275  
438 715  
188 755  
144  
160 541  
738 777  
507  
11 697  
732 845  
807 833  
8 708  
495 815  
221 656  
681 718  
32 108  
99 547  
185 715  
27 136  
94 113 130  
397 530  
416 701  
407 852  
84 767  
329 454  
282  
142 475  
40 526  
34 330  
865  
295 369  
599 656  
88 550  
266 491  
404 530  
4 138  
363 607  
173 749  
43 420  
595  
174 792  
232 402  
41 870  
409 649  
576 664  
555 687  
199 482  
314 694  
549 883 
150 317  
563 690  
96 245  
285 699  
85 237  
724 791  
570 608  
18 206  
129 578  
162 630  
577 582  
230 612  
129 845  
233 590  
21 209  
265 353  
98 700  
591 880  
623 807  
522 832  
216 374  
424 617  
367  
111 720  
433 726  
355 798  
179 248  
296 376  
9 610  
479 693  
19 305  
455 624  
478 811  
657  
354 535  
78 485  
158 477  
742 818  
278 371  
97  
218 838  
220 255  
403 729  
283 848  
57 605  
143 692  
117 503  
244 804  
781 820  
500 506 867  
227 492  
32 406  
212 632  
306 723  
490 513  
564  
72 335  
526 873  
635 659  
52 323  
471 859  
201 777  
302 554  
212 540  
722  
563 794  
38 628  
517 639  
556 714  
533  
676 765  
598 778  
325 357  
139 413  
79 226  
20 101  
111 465 804  
28 196  
761 805  
56 849  
618 630  
63 837  
531 672  
458 743  
55 663  
177 686  
189 874  
597 689  
122 829  
442 521  
270 313  
105 119  
7 650  
359 872  
1 731  
418  
414 499  
47 411  
54 759  
543 758  
379 648  
699 745  
103 121  
417 618  
594 643  
230 509  
15 826  
74 791  
436  
278 366  
275 432  
65 803  
82 876  
345  
675 796  
115 522  
683 760  
478  
224 431  
619 772  
5 621  
428 568  
584 634  
48 643  
153 431  
340 823  
49 712  
27 487  
229 698  
160 593  
21 303  
126 436  
711 819  
16 110  
331 622  
207 449  
106 868  
99  
29 103  
471 857  
401 497  
202 683  
36 678  
600 626  
360 439  
123 575  
107 874  
304 311  
353 367  
73 464  
22 695  
25 451  
197 612  
416 539  
813 877  
119 705  
14 43  
535 825  
190 445  
338  
6 821  
315 481  
276 825  
690 708  
292 607  
349 561  
5 241  
381 857  
365 806  
45 853  
258 692  
320 603  
444 666  
378 655  
450 841  
128 253  
146 817  
28 151  
561 635  
547 560  
250 598  
383 447  
437 796  
59 638  
285  
42 68  
115 503  
163 740  
30 388  
4 748  
198  
765 831  
153 789  
527 744  
377 745  
392  
270 390  
9 108  
287 652  
239 670  
392 658  
204 733  
504 702  
235 746  
37 839  
238 628  
755 878  
613 672  
321 395  
399 788  
601 864  
511 767  
486 694  
372 734  
626 775  
246 469  
453 562  
364 615  
293 525  
318 592  
713 788  
91 553  
214 246  
252 426  
75 248 309  
369 546  
140 388  
22 880  
170 410  
148 326  
393 534  
589 855  
202 830  
156 599  
66 682  
308 403  
462 485  
501 832  
706 800  
502 641  
516 764  
259 400  
262 413  
716 882  
525 596  
24 710  
448 587  
303 744  
263 391 462  
194 772  
434 810  
39  
292 504  
440 560  
124 156  
94 192  
316 565  
449 704  
98 257  
171 621  
679 847  
486 505  
187 703  
51 697  
691 757  
133 217  
155 482  
45 376  
474 762  
69  
580  
713 793  
67 228  
236 555  
346 364  
415 749  
300 582  
198 440  
709 869  
283 875  
183 299  
117 466  
377 790  
112 668  
554 754  
741 770  
60 665  
238 846  
581 701  
195 272  
464 589  
288 307  
13 197  
59 496  
245 452  
175 296  
29 524  
642 742  
318  
130 347  
216 616  
498 523  
241 853  
54 297  
329 467  
378 722  
727 879  
469 752  
383 545  
646  
427 552  
244 411  
380 594  
78 532  
8 312  
341 645  
102 510  
385 483  
398 769  
354 670  
150 584  
644 771  
639  
301 537  
164 620  
127 289  
344 545  
660 780  
225 627  
514 844  
261 508  
602 653  
450 816  
335 350  
282 625 829  
164 861  
347 809  
222 776  
405 866  
127 784  
446 687  
435 763  
85 387  
134 243  
231 406  
688 763  
774 836  
282 424 810  
251 323  
286 476  
83 342  
583  
13 595  
72 223  
46 280  
33 797  
232 339  
271 752  
242 569  
667 862  
419 679 830  
249 465  
575 629  
483 576  
314 585  
60  
68 571  
370 657  
828 863  
243 291  
689 739  
76 324  
249 666  
336 588  
234 298  
239 646  
481 797  
170 480  
51 498  
290 460  
91 650  
723 727  
622 872  
452 573  
313 771  
356 593  
50  
133 700  
44 667  
703 766  
501 631  
172 774  
728 773  
82 596  
269 719  
339 443  
114 453  
128 876  
295 709  
138 430  
38 223  
17 62  
24 721  
174 300  
70 233  
10 260  
591 602  
574 883 
664 861  
387 489  
157 373  
653 864  
73 447  
312 847  
496 564  
737 758  
225 407  
41 811  
80 620  
30 316  
240 871  
322 493  
429 458  
169 460  
240 550  
343 400  
166 854  
718 865  
632 729  
414 799  
143 333  
20 536  
242 815  
345 814  
220 714  
49 558  
269 419  
274 514  
77 430  
273 542  
167 229  
139 507  
123 177  
539 544  
488 864  
61 327  
89 750  
470 716  
614 742  
228 573  
401 619  
169 343  
19 843  
163 841  
53 728  
188 463  
141 422  
15 586  
190 276  
556 835  
36 284  
144 834  
254 711  
342 394  
254 669  
642 795  
145 425  
264 461  
71  
260 855  
281 355  
551 684  
178 808  
613 851  
87 201  
521 549  
81 168  
208 442  
181 325  
717 790  
741  
211 750  
592 793 826  
282 362 809  
720 870  
294 431  
96 518  
214 660  
375 866  
802  
475 764  
152 439  
468 528  
84 661  
494 779  
46 536  
588  
93 688  
399 609  
109 185  
47 625  
381 789  
