307 340
93 118  
47 120 123 165 253 257  
82 91  
231 232 248  
230 247  
74 155  
84  
45  
16 301  
11 240 241  
10 33 241  
66 231 232 247  
42 46  
27  
90 113  
9 286  
41 203  
64 107  
44 243  
62 163 267  
302  
234  
24 50  
23 240  
238  
179 249  
14 95  
47 99 215 217  
58 98 243 244  
148 223  
68 254  
47 99 216 218  
11 271  
129 180 182  
162 301  
48 55 116 266 305  
48 55 79 117  
85 124  
61 66  
70 235  
17 106  
13 273  
59 97  
19 119  
8  
13 54  
2 28 32 120 217 218 253  
36 37 231 266  
207 246  
23  
239  
161 163  
76 92  
46 100  
36 37 117 136 232  
58 224  
97 264  
29 56 69 243 244  
43 96  
67 233 247 248  
39  
20 121  
244  
18 203  
160 288  
12 39 231 247 248  
60 232  
31 165  
58 98 272  
40 253  
99 120 123 165 253 256  
89 105  
96 272  
6  
88 166  
53 172  
219 239  
110 295  
37  
91 100 223  
98 204  
3 205  
235 275  
7  
38 102  
119 208  
116 215  
75 94  
72 269  
15  
3 80  
53 109 138 241  
1 244  
88  
27 220  
59 73  
43 57  
29 69 81  
28 32 71 218  
54 80  
245 304  
85 222  
286 287  
260 303  
72 128 147 209 210 303  
41  
18 273  
131 135  
92 138 242  
78 277 293  
122 291  
117 216  
15  
125 175  
246 285  
36 87 136 266  
37 55 112 136 266  
1 174  
44 86 208 252  
2 47 71 121 165  
62 120  
111 300  
2 71 251 253  
38 138  
114 254  
162 236  
183 297  
105 170 209  
34 132 180  
131  
108 130  
129 133  
132 134  
133 144 270  
108  
55 116 117 267  
304 306  
92 109 124  
274 285  
306  
188 280  
189 279  
177 179  
134 224 270  
173 207  
229  
105 171 210  
30 293  
151 294  
152 296  
149 153  
150 154  
151  
152  
6 264  
158  
283  
156 159  
158 287  
65 161  
52 160  
35 126  
20 52 267  
236 237 265  
2 68 71 120  
75 242  
169 227  
228 299  
167 298  
128 208  
147 174  
76  
145  
118 171  
114 177  
178 275  
143 175  
176 214  
26 143  
34 129 214  
199  
34 184  
127 249  
182 185  
184 186  
185 255  
188 297  
141 187  
142 255  
192 281  
193 290  
190 194  
191 195  
192 196  
193 197  
194 198  
195 199  
196 200  
181 197  
198 201  
200  
212 221  
17 64  
81  
82  
229 245  
49 145  
86 119 170 252  
105 128 298  
105 147 299  
212 263  
202 211  
271  
178 180  
28 87  
32 112  
28 47 219  
32 47 99 220  
77 217  
95 218  
202 222  
102 221  
30 80  
56 144  
230  
250  
167  
168  
146 206  
5 225  
4 12 48 66  
4 12 55 67 248  
60  
22 278  
40 83  
126 164 265  
164 251  
25  
51 77  
10 24  
10 11 92 269  
109 166  
19 29 58  
29 58 63 93  
101 206  
49 115  
5 12 60 66  
4 60 66 232 250  
26 183  
226 248  
123 237  
119 208  
2 47 70 71 123  
31 125  
186 189  
71  
2  
276  
277  
104 261  
260 262  
261  
211 307 
57 155  
164 236 266  
36 48 116 117 265  
20 136 163  
288 289  
89 241  
134 144 291  
33 213  
69 73  
42 107  
139  
83 176  
258  
110 259 293  
234  
142 290  
141 281  
190 280  
283 284  
157 282  
282 289  
115 139  
16 103  
103 159  
65 268  
268 284  
191 279  
111 270  
295 296  
110 148 277  
149 300  
78 292  
150 292  
127 187  
169 209  
168 210  
122 294  
9 35  
21  
104 105  
101 137  
36  
137 140  
263  
